   1.00000000    
   288.149994    
   3.99999990E-04
   1.99999995E-05
   170.146133    
   0.00000000    
 NACA4412.AIRSOL                                   

           1

           1
   100000.000    
  0.100000001    
           1

   9.99999994E-09   0.00000000    
         100
         100
          10

 NACA4412.GRID                                     
 MESH_INDEX.txt                                    

 NACA4412.DROPRES
 NACA4412.DROPSOL
 NACA4412.DROPPOST
 NACA4412.CE

           0
           0

   1.00000001E-07

           1

   1.20000005    
   1.00000000    
